0	0.174502	0.136381	0.119055
1	0.079824	0.086626	0.083472
2	0.047831	0.040541	0.036473
3	0.037222	0.032578	0.031854
4	0.031792	0.029208	0.027557
5	0.026084	0.023585	0.021943
6	0.020915	0.019005	0.019416
7	0.018331	0.016836	0.017591
8	0.016283	0.014948	0.016260
9	0.014957	0.013872	0.015164
10	0.013854	0.013292	0.014208
11	0.012879	0.012616	0.013295
12	0.012206	0.012021	0.012831
13	0.011582	0.011993	0.012130
14	0.011279	0.011125	0.011573
15	0.010457	0.010637	0.011148
16	0.010486	0.010336	0.010352
17	0.010383	0.010036	0.009786
18	0.009856	0.009580	0.009452
19	0.009493	0.009493	0.008769
20	0.009020	0.008685	0.008082
21	0.008819	0.008214	0.008050
22	0.008406	0.008260	0.007737
23	0.008064	0.007897	0.007399
24	0.007393	0.007689	0.007080
25	0.006945	0.007404	0.006724
26	0.006763	0.007247	0.006797
27	0.006594	0.007238	0.006548
28	0.006043	0.006641	0.006388
29	0.005710	0.006534	0.006445
30	0.005689	0.006272	0.006226
31	0.005482	0.006189	0.005854
32	0.005301	0.005721	0.005795
33	0.005246	0.005698	0.005671
34	0.005027	0.005459	0.005617
35	0.005091	0.005087	0.005544
36	0.004868	0.005020	0.005644
37	0.004701	0.005023	0.005397
38	0.004573	0.004648	0.005370
39	0.004416	0.004454	0.005173
40	0.004415	0.004454	0.005201
41	0.004352	0.004329	0.004977
42	0.004292	0.004253	0.004689
43	0.004434	0.004002	0.004714
44	0.004466	0.003963	0.004669
45	0.004370	0.004032	0.004648
46	0.004185	0.003888	0.004555
47	0.003925	0.003972	0.004222
48	0.003972	0.003861	0.004361
49	0.003923	0.003900	0.004358
50	0.003815	0.003865	0.004164
51	0.003833	0.003842	0.004297
52	0.003751	0.003726	0.004335
53	0.003669	0.003762	0.004281
54	0.003685	0.003722	0.004247
55	0.003402	0.003737	0.004146
56	0.003587	0.003669	0.004085
57	0.003246	0.003552	0.003943
58	0.003190	0.003359	0.003948
59	0.003094	0.003415	0.003722
60	0.003190	0.003459	0.003722
61	0.003068	0.003342	0.003730
62	0.003133	0.003356	0.003665
63	0.003258	0.003297	0.003587
64	0.003238	0.003340	0.003452
65	0.003230	0.003231	0.003365
66	0.003235	0.003249	0.003308
67	0.003187	0.003139	0.003390
68	0.003194	0.003190	0.003221
69	0.002986	0.003142	0.003210
70	0.002836	0.003044	0.003180
71	0.002916	0.002964	0.002977
72	0.003052	0.003004	0.002972
73	0.003135	0.002845	0.002913
74	0.002815	0.002657	0.002744
75	0.002904	0.002573	0.002806
76	0.002717	0.002641	0.002783
77	0.002699	0.002674	0.002966
78	0.002735	0.002762	0.002907
79	0.002639	0.002735	0.002938
80	0.002662	0.002648	0.002744
81	0.002626	0.002767	0.002678
82	0.002500	0.002628	0.002758
83	0.002484	0.002488	0.002582
84	0.002452	0.002528	0.002514
85	0.002413	0.002361	0.002440
86	0.002552	0.002342	0.002466
87	0.002336	0.002388	0.002429
88	0.002315	0.002279	0.002477
89	0.002523	0.002269	0.002381
90	0.002290	0.002370	0.002238
91	0.002281	0.002340	0.002221
92	0.002297	0.002224	0.002368
93	0.002119	0.002365	0.002233
94	0.002062	0.002260	0.002253
95	0.001934	0.002183	0.002190
96	0.001900	0.002208	0.002233
97	0.001786	0.002178	0.002146
98	0.001856	0.002292	0.002100
99	0.001829	0.002304	0.002082
100	0.001708	0.002132	0.002036
101	0.001504	0.002089	0.002117
102	0.001527	0.002059	0.002020
103	0.001482	0.002012	0.002041
104	0.001493	0.001950	0.001799
105	0.001420	0.001907	0.001810
106	0.001472	0.001940	0.001806
107	0.001294	0.001872	0.001806
108	0.001288	0.001904	0.001728
109	0.001422	0.001909	0.001833
110	0.001415	0.001993	0.001806
111	0.001256	0.002126	0.001733
112	0.001278	0.001943	0.001952
113	0.001311	0.001943	0.001973
114	0.001230	0.001998	0.001938
115	0.001101	0.001827	0.001801
116	0.001171	0.001840	0.001783
117	0.001119	0.001783	0.001619
118	0.001189	0.001573	0.001610
119	0.001174	0.001436	0.001708
120	0.001203	0.001507	0.001521
121	0.001292	0.001553	0.001477
122	0.001247	0.001534	0.001491
123	0.001123	0.001477	0.001327
124	0.001077	0.001516	0.001308
125	0.001101	0.001461	0.001320
126	0.001096	0.001395	0.001292
127	0.001028	0.001461	0.001343
128	0.001080	0.001432	0.001319
129	0.001059	0.001367	0.001375
130	0.001011	0.001251	0.001434
131	0.000991	0.001270	0.001395
132	0.000936	0.001237	0.001351
133	0.000998	0.001263	0.001319
134	0.001109	0.001240	0.001342
135	0.001094	0.001319	0.001286
136	0.000998	0.001217	0.001222
137	0.001089	0.001157	0.001356
138	0.001109	0.001212	0.001253
139	0.001119	0.001189	0.001181
140	0.001165	0.001230	0.001233
141	0.001246	0.001176	0.001279
142	0.001319	0.001267	0.001169
143	0.001301	0.001190	0.001263
144	0.001340	0.001311	0.001205
145	0.001313	0.001125	0.001272
146	0.001253	0.001132	0.001283
147	0.001214	0.001203	0.001327
148	0.001178	0.001181	0.001335
149	0.001016	0.001101	0.001278
150	0.001007	0.001206	0.001315
151	0.000913	0.001167	0.001327
152	0.000906	0.001030	0.001249
153	0.000824	0.001139	0.001146
154	0.000742	0.001137	0.001187
155	0.000719	0.001190	0.001217
156	0.000692	0.001164	0.001256
157	0.000665	0.001080	0.001254
158	0.000623	0.001069	0.001221
159	0.000585	0.001165	0.001302
160	0.000562	0.001103	0.001228
161	0.000587	0.001135	0.001233
162	0.000548	0.001194	0.001139
163	0.000431	0.001119	0.001157
164	0.000512	0.001128	0.001185
165	0.000552	0.001046	0.001098
166	0.000500	0.001032	0.001176
167	0.000454	0.001094	0.001123
168	0.000327	0.001005	0.001091
169	0.000308	0.001059	0.001073
170	0.000306	0.001084	0.001068
171	0.000315	0.001085	0.000923
172	0.000279	0.001144	0.001000
173	0.000283	0.001094	0.001011
174	0.000276	0.001116	0.001021
175	0.000221	0.001190	0.000973
176	0.000224	0.001059	0.001103
177	0.000205	0.001060	0.001142
178	0.000196	0.000984	0.001139
179	0.000173	0.001036	0.001219
180	0.000151	0.000842	0.001187
181	0.000153	0.000900	0.001238
182	0.000157	0.000852	0.001226
183	0.000187	0.000801	0.001178
184	0.000169	0.000642	0.001212
185	0.000153	0.000698	0.001221
186	0.000141	0.000607	0.001117
187	0.000164	0.000560	0.001094
188	0.000128	0.000512	0.001018
189	0.000128	0.000512	0.000916
190	0.000132	0.000505	0.000819
191	0.000105	0.000523	0.000808
192	0.000114	0.000466	0.000742
193	0.000114	0.000500	0.000662
194	0.000098	0.000431	0.000626
195	0.000125	0.000520	0.000637
196	0.000117	0.000420	0.000623
197	0.000117	0.000379	0.000514
198	0.000096	0.000381	0.000479
199	0.000112	0.000375	0.000534
200	0.000096	0.000302	0.000541
201	0.000114	0.000240	0.000473
202	0.000105	0.000260	0.000416
203	0.000101	0.000258	0.000363
204	0.000130	0.000238	0.000383
205	0.000130	0.000205	0.000340
206	0.000119	0.000244	0.000395
207	0.000116	0.000210	0.000335
208	0.000117	0.000189	0.000301
209	0.000135	0.000226	0.000274
210	0.000112	0.000185	0.000226
211	0.000160	0.000165	0.000240
212	0.000139	0.000162	0.000233
213	0.000158	0.000155	0.000238
214	0.000171	0.000142	0.000222
215	0.000155	0.000157	0.000189
216	0.000217	0.000176	0.000180
217	0.000167	0.000142	0.000181
218	0.000105	0.000123	0.000214
219	0.000142	0.000126	0.000190
220	0.000155	0.000126	0.000194
221	0.000133	0.000114	0.000198
222	0.000155	0.000128	0.000155
223	0.000194	0.000128	0.000164
224	0.000169	0.000153	0.000146
225	0.000165	0.000144	0.000185
226	0.000192	0.000164	0.000157
227	0.000205	0.000135	0.000160
228	0.000237	0.000157	0.000160
229	0.000187	0.000151	0.000180
230	0.000265	0.000162	0.000206
231	0.000183	0.000153	0.000194
232	0.000456	0.000196	0.000219
233	0.000448	0.000173	0.000199
234	0.000233	0.000267	0.000262
235	0.000265	0.000260	0.000320
236	0.000311	0.000269	0.000286
237	0.000386	0.000311	0.000349
238	0.000404	0.000276	0.000404
239	0.000422	0.000244	0.000340
240	0.000571	0.000244	0.000343
241	0.001050	0.000215	0.000270
242	0.003778	0.000279	0.000327
243	0.003192	0.000270	0.000464
244	0.001377	0.000368	0.001206
245	0.001441	0.000749	0.001043
246	0.001578	0.000701	0.003000
247	0.001710	0.000730	0.002819
248	0.002794	0.002230	0.002082
249	0.004233	0.004153	0.001329
250	0.003107	0.002934	0.001413
251	0.000765	0.002980	0.001996
252	0.000331	0.002141	0.002765
253	0.000210	0.002874	0.006180
254	0.000053	0.005327	0.004982
255	0.000046	0.004980	0.001667
